,Hits_86,Home_runs_1986,Runs_1986,Runs_batted_1986,Walks_1986,Bat_times_86,Salary_1987,Longevity
Hits_86,1.0,0.42331567628626415,0.9116657690661122,0.7931148854868032,0.6062020134288046,0.9644712825641606,0.5128497611142396,-0.008482354738690582
Home_runs_1986,0.42331567628626415,1.0,0.4742236887631935,0.6684978793897113,0.33310174756224775,0.4491966976988842,0.3923545934646959,0.0989031133830904
Runs_1986,0.9116657690661122,0.4742236887631935,1.0,0.7805319205050193,0.7128805904684914,0.9026017630218456,0.4862666307454893,-0.04219916465797833
Runs_batted_1986,0.7931148854868032,0.6684978793897113,0.7805319205050193,1.0,0.590699599758783,0.8028110130354655,0.5162757616394305,0.11234129222975311
Walks_1986,0.6062020134288046,0.33310174756224775,0.7128805904684914,0.590699599758783,1.0,0.635777720077463,0.5032576053138359,0.10895081308472812
Bat_times_86,0.9644712825641606,0.4491966976988842,0.9026017630218456,0.8028110130354655,0.635777720077463,1.0,0.46808869501052075,-0.009031812007639575
Salary_1987,0.5128497611142396,0.3923545934646959,0.4862666307454893,0.5162757616394305,0.5032576053138359,0.46808869501052075,1.0,0.44362275973986515
Longevity,-0.008482354738690582,0.0989031133830904,-0.04219916465797833,0.11234129222975311,0.10895081308472812,-0.009031812007639575,0.44362275973986515,1.0
