,Hits_86,Home_runs_1986,Runs_1986,Runs_batted_1986,Walks_1986,Bat_times_86,Longevity,Log_Salary
Hits_86,1.0,0.5224637565106918,0.9057084045712732,0.7782901639949098,0.5711551772796973,0.9621306411869277,-0.0012310306159349826,0.5129032338947207
Home_runs_1986,0.5224637565106918,1.0,0.6275694311660185,0.8515637098295693,0.4406702583475179,0.5463554298164797,0.11649978691973434,0.3620229831958234
Runs_1986,0.9057084045712732,0.6275694311660185,1.0,0.7705897252777758,0.687749108121818,0.8941125676256866,-0.02755275469273225,0.4758957016385805
Runs_batted_1986,0.7782901639949098,0.8515637098295693,0.7705897252777758,1.0,0.5618070632139255,0.7851416994181755,0.1241695825324386,0.48543276282468695
Walks_1986,0.5711551772796973,0.4406702583475179,0.687749108121818,0.5618070632139255,1.0,0.6077128494536799,0.12787933757492256,0.46958288224437605
Bat_times_86,0.9621306411869277,0.5463554298164797,0.8941125676256866,0.7851416994181755,0.6077128494536799,1.0,-0.011203323309979077,0.47426532199562005
Longevity,-0.0012310306159349826,0.11649978691973434,-0.02755275469273225,0.1241695825324386,0.12787933757492256,-0.011203323309979077,1.0,0.5674502378077708
Log_Salary,0.5129032338947207,0.3620229831958234,0.4758957016385805,0.48543276282468695,0.46958288224437605,0.47426532199562005,0.5674502378077708,1.0
